time;avg_velo;frac_wait;numb_cars
60.049999999998725;NaN;NaN;0
120.04999999999532;NaN;NaN;0
180.00000000000668;32.03534333287031;0.0;1
240.00000000002032;NaN;NaN;0
300.00000000003394;0.0;0.0;1
360.0000000000476;NaN;NaN;0
420.0000000000612;4.499322521371174;0.0;2
480.00000000007486;15.502834974731655;0.0;1
540.0000000000566;10.76140282001249;0.0;2
600.000000000002;NaN;NaN;0
660.0499999999474;NaN;NaN;0
720.0499999998929;28.985254959996567;0.0;1
780.0499999998383;NaN;NaN;0
840.0499999997837;16.583911003061402;0.0;1
900.0499999997292;NaN;NaN;0
960.0499999996746;NaN;NaN;0
1020.04999999962;48.55669001393524;0.0;1
1080.0499999995654;NaN;NaN;0
1140.0499999995109;NaN;NaN;0
1200.0499999994563;10.282443206246896;0.0;1
1260.0499999994017;19.04395916140525;0.0;2
1320.0499999993472;NaN;NaN;0
1380.0499999992926;NaN;NaN;0
1440.049999999238;NaN;NaN;0
1500.0499999991835;2.691531503609886;0.0;1
1560.0499999991289;NaN;NaN;0
1620.0499999990743;0.0;0.0;1
1680.0499999990197;NaN;NaN;0
1740.0499999989652;0.0;0.0;1
1800.0499999989106;NaN;NaN;0
1860.049999998856;17.973458577502704;0.0;2
1920.0499999988015;NaN;NaN;0
1980.049999998747;0.0;0.0;1
2040.0499999986923;NaN;NaN;0
2100.0499999988742;NaN;NaN;0
2160.0499999990925;NaN;NaN;0
2220.049999999311;NaN;NaN;0
2280.049999999529;NaN;NaN;0
2340.0499999997473;NaN;NaN;0
2400.0499999999656;NaN;NaN;0
2460.0000000001837;NaN;NaN;0
2520.000000000402;NaN;NaN;0
2580.0000000006203;0.0;0.0;1
2640.0000000008386;NaN;NaN;0
2700.000000001057;NaN;NaN;0
2760.000000001275;NaN;NaN;0
2820.0000000014934;21.358817126778717;0.0;1
2880.0000000017117;NaN;NaN;0
2940.00000000193;0.0;0.0;1
3000.000000002148;NaN;NaN;0
3060.0000000023665;44.266910054081926;0.0;1
3120.000000002585;0.0;0.0;1
3180.000000002803;NaN;NaN;0
3240.0000000030213;NaN;NaN;0
3300.0000000032396;47.59522160757116;0.0;1
3360.000000003458;NaN;NaN;0
3420.000000003676;NaN;NaN;0
3480.0000000038945;5.909421032165205;0.0;1
3540.0000000041127;15.342096930237982;0.0;1
3600.000000004331;NaN;NaN;0
3660.0000000045493;NaN;NaN;0
3720.0000000047676;NaN;NaN;0
3780.000000004986;NaN;NaN;0
3840.000000005204;52.35346513429892;0.0;1
3900.0000000054224;NaN;NaN;0
3960.0000000056407;NaN;NaN;0
4020.000000005859;50.15803907101748;0.0;1
4080.0000000060772;NaN;NaN;0
4140.0000000062955;NaN;NaN;0
4200.000000006514;NaN;NaN;0
4260.000000006732;NaN;NaN;0
4320.00000000695;NaN;NaN;0
4380.000000007169;NaN;NaN;0
4440.000000007387;NaN;NaN;0
4500.000000007605;NaN;NaN;0
4560.0000000078235;NaN;NaN;0
4620.000000008042;8.221123657939193;0.0;1
4680.00000000826;NaN;NaN;0
4740.000000008478;NaN;NaN;0
4800.000000008697;NaN;NaN;0
4860.000000008915;NaN;NaN;0
4920.000000009133;NaN;NaN;0
4980.000000009351;NaN;NaN;0
5040.00000000957;0.0;0.0;1
5100.000000009788;NaN;NaN;0
5160.000000010006;NaN;NaN;0
5220.0000000102245;NaN;NaN;0
5280.000000010443;NaN;NaN;0
5340.000000010661;23.363236045840697;0.0;1
5400.000000010879;17.255744254058637;0.0;1
5460.000000011098;9.996020206867517;0.0;1
5520.000000011316;NaN;NaN;0
5580.000000011534;NaN;NaN;0
5640.0000000117525;0.0;0.0;1
5700.000000011971;NaN;NaN;0
5760.000000012189;NaN;NaN;0
5820.000000012407;NaN;NaN;0
5880.000000012626;NaN;NaN;0
5940.000000012844;46.84324481009999;0.0;1
6000.000000013062;NaN;NaN;0
6060.00000001328;NaN;NaN;0
6120.000000013499;42.49149914262403;0.0;1
6180.000000013717;NaN;NaN;0
6240.000000013935;NaN;NaN;0
6300.000000014154;NaN;NaN;0
6360.000000014372;NaN;NaN;0
6420.00000001459;49.49194396649233;0.0;1
6480.000000014808;NaN;NaN;0
6540.000000015027;NaN;NaN;0
6600.000000015245;NaN;NaN;0
6660.000000015463;NaN;NaN;0
6720.0000000156815;NaN;NaN;0
6780.0000000159;NaN;NaN;0
6840.000000016118;NaN;NaN;0
6900.000000016336;NaN;NaN;0
6960.000000016555;NaN;NaN;0
7020.000000016773;NaN;NaN;0
7080.000000016991;NaN;NaN;0
7140.0000000172095;NaN;NaN;0
7200.000000017428;NaN;NaN;0
7260.000000017646;NaN;NaN;0
7320.000000017864;16.789430782468727;0.0;1
7380.000000018083;NaN;NaN;0
7440.000000018301;NaN;NaN;0
7500.000000018519;NaN;NaN;0
7560.000000018737;NaN;NaN;0
7620.000000018956;NaN;NaN;0
7680.000000019174;NaN;NaN;0
7740.000000019392;NaN;NaN;0
7800.0000000196105;49.6996343518211;0.0;1
7860.000000019829;NaN;NaN;0
7920.000000020047;15.043349424515524;0.0;1
7980.000000020265;47.40944731383277;0.0;1
8040.000000020484;NaN;NaN;0
8100.000000020702;NaN;NaN;0
8160.00000002092;NaN;NaN;0
8220.00000002063;NaN;NaN;0
8280.000000019756;NaN;NaN;0
8340.000000018883;NaN;NaN;0
8400.00000001801;NaN;NaN;0
8460.000000017137;NaN;NaN;0
8520.000000016264;6.468011770832353;0.0;1
8580.00000001539;NaN;NaN;0
8640.000000014517;NaN;NaN;0
8700.000000013644;NaN;NaN;0
8760.000000012771;7.023224309749166;0.0;1
8820.000000011898;NaN;NaN;0
8880.000000011025;NaN;NaN;0
8940.000000010152;NaN;NaN;0
9000.000000009279;NaN;NaN;0
9060.000000008406;NaN;NaN;0
9120.000000007532;NaN;NaN;0
9180.00000000666;NaN;NaN;0
9240.000000005786;NaN;NaN;0
9300.000000004913;NaN;NaN;0
9360.00000000404;NaN;NaN;0
9420.000000003167;NaN;NaN;0
9480.000000002294;NaN;NaN;0
9540.00000000142;NaN;NaN;0
9600.000000000548;NaN;NaN;0
9660.049999999674;0.0;0.0;1
9720.0499999988;NaN;NaN;0
9780.049999997927;NaN;NaN;0
9840.049999997054;NaN;NaN;0
9900.049999996181;NaN;NaN;0
9960.049999995308;NaN;NaN;0
10020.049999994435;42.0850428036182;0.0;1
10080.049999993562;NaN;NaN;0
10140.049999992689;NaN;NaN;0
10200.049999991816;NaN;NaN;0
10260.049999990943;47.41637101096236;0.0;1
10320.04999999007;NaN;NaN;0
10380.049999989196;NaN;NaN;0
10440.049999988323;NaN;NaN;0
10500.04999998745;NaN;NaN;0
10560.049999986577;NaN;NaN;0
10620.049999985704;NaN;NaN;0
10680.04999998483;NaN;NaN;0
10740.049999983958;NaN;NaN;0
10800.049999983084;NaN;NaN;0
10860.049999982211;NaN;NaN;0
10920.049999981338;NaN;NaN;0
10980.049999980465;15.18170913286479;0.0;1
11040.049999979592;NaN;NaN;0
11100.049999978719;NaN;NaN;0
11160.049999977846;NaN;NaN;0
11220.049999976973;NaN;NaN;0
11280.0499999761;NaN;NaN;0
11340.049999975226;NaN;NaN;0
11400.049999974353;NaN;NaN;0
11460.04999997348;46.54714812949142;0.0;1
11520.049999972607;NaN;NaN;0
11580.049999971734;NaN;NaN;0
11640.04999997086;NaN;NaN;0
11700.049999969988;35.82478512169075;0.0;1
11760.049999969115;NaN;NaN;0
11820.049999968242;NaN;NaN;0
11880.049999967368;NaN;NaN;0
11940.049999966495;NaN;NaN;0
12000.049999965622;NaN;NaN;0
12060.049999964749;NaN;NaN;0
12120.049999963876;NaN;NaN;0
12180.049999963003;NaN;NaN;0
12240.04999996213;NaN;NaN;0
12300.049999961257;NaN;NaN;0
12360.049999960384;32.819688099348156;0.0;1
12420.04999995951;NaN;NaN;0
12480.049999958637;0.0;0.0;1
12540.049999957764;NaN;NaN;0
12600.049999956891;NaN;NaN;0
12660.049999956018;NaN;NaN;0
12720.049999955145;NaN;NaN;0
12780.049999954272;NaN;NaN;0
12840.049999953399;0.0;0.0;1
12900.049999952525;NaN;NaN;0
12960.049999951652;NaN;NaN;0
13020.04999995078;NaN;NaN;0
13080.049999949906;NaN;NaN;0
13140.049999949033;NaN;NaN;0
13200.04999994816;40.116918505410844;0.0;1
13260.049999947287;18.940219579603017;0.0;1
13320.049999946414;NaN;NaN;0
13380.04999994554;NaN;NaN;0
13440.049999944667;NaN;NaN;0
13500.049999943794;NaN;NaN;0
13560.049999942921;NaN;NaN;0
13620.049999942048;NaN;NaN;0
13680.049999941175;NaN;NaN;0
13740.049999940302;NaN;NaN;0
13800.049999939429;NaN;NaN;0
13860.049999938556;NaN;NaN;0
13920.049999937683;NaN;NaN;0
13980.04999993681;NaN;NaN;0
14040.049999935936;NaN;NaN;0
14100.049999935063;NaN;NaN;0
14160.04999993419;24.15749882378715;0.0;3
14220.049999933317;NaN;NaN;0
14280.049999932444;NaN;NaN;0
14340.04999993157;NaN;NaN;0
14400.049999930698;NaN;NaN;0
14460.049999929824;NaN;NaN;0
14520.049999928951;NaN;NaN;0
14580.049999928078;20.713153712812588;0.0;1
14640.049999927205;NaN;NaN;0
14700.049999926332;NaN;NaN;0
14760.049999925459;NaN;NaN;0
14820.049999924586;NaN;NaN;0
14880.049999923713;NaN;NaN;0
14940.04999992284;NaN;NaN;0
15000.049999921966;NaN;NaN;0
15060.049999921093;NaN;NaN;0
15120.04999992022;NaN;NaN;0
15180.049999919347;0.0;0.0;1
15240.049999918474;NaN;NaN;0
15300.0499999176;NaN;NaN;0
15360.049999916728;NaN;NaN;0
15420.049999915855;NaN;NaN;0
15480.049999914982;0.0;0.0;1
15540.049999914108;0.0;0.0;1
15600.049999913235;NaN;NaN;0
15660.049999912362;0.0;0.0;1
15720.049999911489;NaN;NaN;0
15780.049999910616;NaN;NaN;0
15840.049999909743;NaN;NaN;0
15900.04999990887;NaN;NaN;0
15960.049999907997;NaN;NaN;0
16020.049999907123;NaN;NaN;0
16080.04999990625;NaN;NaN;0
16140.049999905377;NaN;NaN;0
16200.049999904504;NaN;NaN;0
16260.049999903631;NaN;NaN;0
16320.049999902758;NaN;NaN;0
16380.049999901885;NaN;NaN;0
16440.049999901014;NaN;NaN;0
16500.04999990014;NaN;NaN;0
16560.049999899267;NaN;NaN;0
16620.049999898394;5.597096198078904;0.0;1
16680.04999989752;NaN;NaN;0
16740.049999896648;0.0;0.0;1
16800.049999895775;NaN;NaN;0
16860.0499998949;32.671841484832456;0.0;1
16920.04999989403;NaN;NaN;0
16980.049999893155;NaN;NaN;0
17040.049999892282;NaN;NaN;0
17100.04999989141;30.67125227639903;0.0;1
17160.049999890536;NaN;NaN;0
17220.049999889663;NaN;NaN;0
17280.04999988879;NaN;NaN;0
17340.049999887917;NaN;NaN;0
17400.049999887044;NaN;NaN;0
17460.04999988617;NaN;NaN;0
17520.049999885297;NaN;NaN;0
17580.049999884424;NaN;NaN;0
17640.04999988355;NaN;NaN;0
17700.049999882678;49.92674934063394;0.0;1
17760.049999881805;41.425194283128405;0.0;1
17820.049999880932;NaN;NaN;0
17880.04999988006;NaN;NaN;0
17940.049999879186;NaN;NaN;0
18000.049999878313;NaN;NaN;0
18060.04999987744;NaN;NaN;0
18120.049999876566;NaN;NaN;0
18180.049999875693;NaN;NaN;0
18240.04999987482;NaN;NaN;0
18300.049999873947;NaN;NaN;0
18360.049999873074;NaN;NaN;0
18420.0499998722;NaN;NaN;0
18480.049999871328;NaN;NaN;0
18540.049999870454;NaN;NaN;0
18600.04999986958;NaN;NaN;0
18660.04999986871;13.987324617221285;0.0;1
18720.049999867835;10.866490691204502;0.0;1
18780.049999866962;NaN;NaN;0
18840.04999986609;NaN;NaN;0
18900.049999865216;51.921190417851314;0.0;1
18960.049999864343;48.78510610477248;0.0;1
19020.04999986347;NaN;NaN;0
19080.049999862596;NaN;NaN;0
19140.049999861723;NaN;NaN;0
19200.04999986085;5.913103076201542;0.0;1
19260.049999859977;0.0;0.0;1
19320.049999859104;NaN;NaN;0
19380.04999985823;39.95974161704134;0.0;1
19440.049999857358;NaN;NaN;0
19500.049999856485;NaN;NaN;0
19560.04999985561;NaN;NaN;0
19620.04999985474;8.498859899106407;0.0;1
19680.049999853865;23.527197513350895;0.0;2
19740.049999852992;NaN;NaN;0
19800.04999985212;NaN;NaN;0
19860.049999851246;32.78303457861359;0.0;1
19920.049999850373;NaN;NaN;0
19980.0499998495;0.0;0.0;1
20040.049999848627;NaN;NaN;0
20100.049999847753;NaN;NaN;0
20160.04999984688;NaN;NaN;0
20220.049999846007;NaN;NaN;0
20280.049999845134;0.0;0.0;1
20340.04999984426;53.04488035935496;0.0;1
20400.049999843388;NaN;NaN;0
20460.049999842515;NaN;NaN;0
20520.04999984164;NaN;NaN;0
20580.04999984077;NaN;NaN;0
20640.049999839895;23.296876908115202;0.0;2
20700.049999839022;NaN;NaN;0
20760.04999983815;NaN;NaN;0
20820.049999837276;0.0;0.0;1
20880.049999836403;NaN;NaN;0
20940.04999983553;NaN;NaN;0
21000.049999834657;NaN;NaN;0
21060.049999833784;NaN;NaN;0
21120.04999983291;NaN;NaN;0
21180.049999832037;4.224336725996462;0.0;1
21240.049999831164;46.042561143356735;0.0;2
21300.04999983029;29.570448417344316;0.0;1
21360.049999829418;NaN;NaN;0
21420.049999828545;NaN;NaN;0
21480.049999827672;NaN;NaN;0
21540.0499998268;NaN;NaN;0
21600.049999825926;NaN;NaN;0
21660.049999825053;18.53816071563353;0.0;1
21720.04999982418;0.47355539624404575;0.0;1
21780.049999823306;NaN;NaN;0
21840.049999822433;NaN;NaN;0
21900.04999982156;NaN;NaN;0
21960.049999820687;NaN;NaN;0
22020.049999819814;21.255468555193072;0.0;1
22080.04999981894;NaN;NaN;0
22140.049999818068;16.07713329735625;0.0;3
22200.049999817194;2.794086993157283;0.0;1
22260.04999981632;0.0;0.0;1
22320.04999981545;NaN;NaN;0
22380.049999814575;NaN;NaN;0
22440.049999813702;44.26303754493392;0.0;2
22500.04999981283;NaN;NaN;0
22560.049999811956;33.94759647786441;0.0;2
22620.049999811083;NaN;NaN;0
22680.04999981021;25.73417600647072;0.0;2
22740.049999809336;NaN;NaN;0
22800.049999808463;0.0;0.0;1
22860.04999980759;NaN;NaN;0
22920.049999806717;NaN;NaN;0
22980.049999805844;NaN;NaN;0
23040.04999980497;50.48208117718308;0.0;1
23100.049999804098;NaN;NaN;0
23160.049999803225;50.00327378865288;0.0;1
23220.04999980235;33.25678850064285;0.0;1
23280.04999980148;NaN;NaN;0
23340.049999800605;NaN;NaN;0
23400.049999799732;NaN;NaN;0
23460.04999979886;0.0;0.0;1
23520.049999797986;0.0;0.0;1
23580.049999797113;47.4855122307179;0.0;1
23640.04999979624;39.82910394938773;0.0;1
23700.049999795367;4.501130360451257;0.0;1
23760.049999794493;NaN;NaN;0
23820.04999979362;NaN;NaN;0
23880.049999792747;NaN;NaN;0
23940.049999791874;41.9917167728385;0.0;2
24000.049999791;0.0;0.0;1
24060.049999790128;2.2829147217792696;0.0;1
24120.049999789255;31.211169824684518;0.0;3
24180.04999978838;NaN;NaN;0
24240.04999978751;6.709774167115345;0.0;2
24300.049999786635;NaN;NaN;0
24360.049999785762;NaN;NaN;0
24420.04999978489;NaN;NaN;0
24480.049999784016;NaN;NaN;0
24540.049999783143;NaN;NaN;0
24600.04999978227;NaN;NaN;0
24660.049999781397;0.0;0.0;1
24720.049999780524;NaN;NaN;0
24780.04999977965;37.891093705950894;0.0;2
24840.049999778777;NaN;NaN;0
24900.049999777904;NaN;NaN;0
24960.04999977703;NaN;NaN;0
25020.049999776158;7.305769876548102;0.0;3
25080.049999775285;6.192517798385709;0.0;1
25140.049999774412;NaN;NaN;0
25200.04999977354;NaN;NaN;0
25260.049999772666;42.51193952587463;0.0;2
25320.049999771792;0.25;0.0;2
25380.04999977092;NaN;NaN;0
25440.049999770046;26.802240349478346;0.25;4
25500.049999769173;NaN;NaN;0
25560.0499997683;1.6340110285080136;0.0;1
25620.049999767427;0.0;0.0;1
25680.049999766554;NaN;NaN;0
25740.04999976568;2.8371057577477274;0.0;2
25800.049999764808;0.0;0.0;1
25860.049999763934;22.845589732186735;0.0;2
25920.04999976306;24.313985490511964;0.0;3
25980.04999976219;NaN;NaN;0
26040.049999761315;NaN;NaN;0
26100.049999760442;NaN;NaN;0
26160.04999975957;NaN;NaN;0
26220.049999758696;5.0957185903898505;0.0;1
26280.049999757823;39.28753892642222;0.0;2
26340.04999975695;19.266385783332623;0.0;3
26400.049999756076;NaN;NaN;0
26460.049999755203;0.0;0.0;1
26520.04999975433;22.974606486148094;0.0;5
26580.049999753457;NaN;NaN;0
26640.049999752584;NaN;NaN;0
26700.04999975171;24.551642751737173;0.0;2
26760.049999750838;10.185064408314402;0.0;2
26820.049999749965;26.765026815045985;0.0;3
26880.04999974909;NaN;NaN;0
26940.04999974822;0.0;0.0;1
27000.049999747345;NaN;NaN;0
27060.049999746472;0.0;0.0;1
27120.0499997456;16.435530973860782;0.0;1
27180.049999744726;NaN;NaN;0
27240.049999743853;0.0;0.0;1
27300.04999974298;43.487990693039755;0.0;1
27360.049999742107;45.135002910247565;0.0;1
27420.049999741233;15.700416899189051;0.0;2
27480.04999974036;16.871361495097865;0.0;3
27540.049999739487;5.524134307556007;0.0;2
27600.049999738614;16.73520638789411;0.0;2
27660.04999973774;NaN;NaN;0
27720.049999736868;3.359540838177708;0.0;2
27780.049999735995;48.57716970321427;0.0;2
27840.04999973512;29.79902620197307;0.0;1
27900.04999973425;0.0;0.0;1
27960.049999733375;0.0;0.0;1
28020.049999732502;16.546174308790107;0.0;2
28080.04999973163;16.753094447848405;0.0;5
28140.049999730756;NaN;NaN;0
28200.049999729883;44.90849986707037;0.0;2
28260.04999972901;28.6587189222073;0.0;3
28320.049999728137;14.962114982840738;0.0;3
28380.049999727264;0.0;0.0;1
28440.04999972639;10.085162130538222;0.0;2
28500.049999725517;NaN;NaN;0
28560.049999724644;11.190569771704338;0.0;3
28620.04999972377;0.0;0.0;1
28680.049999722898;43.752382683790394;0.0;1
28740.049999722025;26.82789498225165;0.0;2
28800.049999721152;13.971914412021174;0.0;2
28860.04999972028;0.0;0.0;1
28920.049999719406;26.175694174742404;0.0;2
28980.049999718532;23.96342066775687;0.0;2
29040.04999971766;NaN;NaN;0
29100.049999716786;NaN;NaN;0
29160.049999715913;NaN;NaN;0
29220.04999971504;1.589578102833693;0.5;2
29280.049999714167;25.138281944315036;0.0;5
29340.049999713294;7.708341054026329;0.0;2
29400.04999971242;22.95559743906497;0.0;1
29460.049999711548;33.149428372073665;0.0;1
29520.049999710674;13.338668541220123;0.0;2
29580.0499997098;23.043156214014953;0.0;1
29640.04999970893;7.888841810576042;0.0;3
29700.049999708055;24.4368571943553;0.0;3
29760.049999707182;18.378028186379407;0.0;2
29820.04999970631;15.142742213215948;0.3333333333333333;6
29880.049999705436;NaN;NaN;0
29940.049999704563;1.1622325049857716;0.0;3
30000.04999970369;26.889853347676347;0.0;1
30060.049999702816;9.539670538093635E-4;0.5;2
30120.049999701943;NaN;NaN;0
30180.04999970107;12.58943814128959;0.0;1
30240.049999700197;45.44064022377349;0.0;3
30300.049999699324;NaN;NaN;0
30360.04999969845;47.748825970504726;0.0;1
30420.049999697578;9.250239334395307;0.0;2
30480.049999696705;33.24427140635772;0.0;2
30540.04999969583;22.552504029286077;0.0;1
30600.04999969496;NaN;NaN;0
30660.049999694085;0.0;0.0;1
30720.049999693212;NaN;NaN;0
30780.04999969234;0.0;0.0;2
30840.049999691466;18.42827585202704;0.0;2
30900.049999690593;2.9913274579424636;0.25;4
30960.04999968972;NaN;NaN;0
31020.049999688847;41.35367106448413;0.0;2
31080.049999687973;NaN;NaN;0
31140.0499996871;0.0;0.0;1
31200.049999686227;11.99289716437043;0.0;1
31260.049999685354;9.775917592833382;0.0;3
31320.04999968448;8.969722653229208;0.0;2
31380.049999683608;10.728439838555733;0.0;2
31440.049999682735;15.791285748445192;0.0;1
31500.04999968186;50.85417838100738;0.0;1
31560.04999968099;29.694554987260187;0.0;5
31620.049999680115;20.53477428728007;0.0;3
31680.049999679242;18.725053534128644;0.0;5
31740.04999967837;32.79870035569755;0.0;2
31800.049999677496;4.797754203080214;0.0;3
31860.049999676623;1.5754419010710459;0.0;2
31920.04999967575;9.996730349894495;0.0;1
31980.049999674877;16.99395155889547;0.0;3
32040.049999674004;10.123681700844065;0.3333333333333333;3
32100.04999967313;24.10257012178799;0.0;3
32160.049999672257;22.893278040276655;0.0;4
32220.049999671384;6.25113485145994;0.0;2
32280.04999967051;1.033529011041708;0.0;3
32340.049999669638;43.49509636658309;0.0;1
32400.049999668765;11.645801570181126;0.0;3
32460.049999667892;NaN;NaN;0
32520.04999966702;3.5315419161661414;0.0;2
32580.049999666146;11.969798049037433;0.0;2
32640.049999665272;25.904295730007135;0.0;2
32700.0499996644;29.348118891865955;0.0;2
32760.049999663526;36.0622848739152;0.0;2
32820.04999966644;19.02807229710715;0.0;6
32880.04999966993;47.84552262693451;0.0;1
32940.04999967342;NaN;NaN;0
33000.049999676914;29.230065662326048;0.0;1
33060.04999968041;0.0;0.0;1
33120.0499996839;22.302184090512696;0.0;1
33180.04999968739;0.0;0.0;2
33240.049999690884;6.444596692083338;0.0;1
33300.049999694376;17.251469397280864;0.0;2
33360.04999969787;0.0;0.0;1
33420.04999970136;NaN;NaN;0
33480.049999704854;28.52859724695789;0.0;4
33540.049999708346;5.84192525506257;0.0;1
33600.04999971184;8.344638161148564;0.2;5
33660.04999971533;NaN;NaN;0
33720.04999971882;12.103909753800442;0.0;1
33780.049999722316;6.4996445051327605;0.0;1
33840.04999972581;7.270179742048809;0.0;2
33900.0499997293;0.0;0.5;2
33960.04999973279;NaN;NaN;0
34020.049999736286;0.0;0.0;1
34080.04999973978;NaN;NaN;0
34140.04999974327;NaN;NaN;0
34200.04999974676;15.931981924617205;0.3333333333333333;3
34260.049999750256;NaN;NaN;0
34320.04999975375;23.846143635079283;0.0;2
34380.04999975724;NaN;NaN;0
34440.04999976073;NaN;NaN;0
34500.049999764226;11.97705458930851;0.0;2
34560.04999976772;31.19232735918742;0.0;1
34620.04999977121;NaN;NaN;0
34680.0499997747;NaN;NaN;0
34740.049999778195;5.188383419544615;0.0;2
34800.04999978169;3.765915209861513;0.0;2
34860.04999978518;8.446010068184009;0.0;3
34920.04999978867;NaN;NaN;0
34980.049999792165;18.072818142636645;0.0;3
35040.04999979566;NaN;NaN;0
35100.04999979915;20.712751322373496;0.0;2
35160.04999980264;13.225882403207828;0.0;3
35220.049999806135;7.313714398346743;0.0;2
35280.04999980963;NaN;NaN;0
35340.04999981312;15.668264441827029;0.0;4
35400.04999981661;NaN;NaN;0
35460.049999820105;14.910458509296362;0.0;1
35520.0499998236;0.0;0.0;1
35580.04999982709;NaN;NaN;0
35640.04999983058;30.91842095189726;0.0;2
35700.049999834075;0.0;0.0;1
35760.04999983757;NaN;NaN;0
35820.04999984106;25.46640971727077;0.0;2
35880.04999984455;8.938282500331875;0.0;1
35940.049999848045;15.698982548821576;0.0;2
36000.04999985154;NaN;NaN;0
36060.04999985503;NaN;NaN;0
36120.04999985852;25.82309980369798;0.0;1
36180.049999862014;9.461628284044409;0.0;2
36240.04999986551;NaN;NaN;0
36300.049999869;0.0;0.0;1
36360.04999987249;0.4999999965635361;0.0;2
36420.049999875984;0.0;0.0;1
36480.04999987948;16.73079569436892;0.0;1
36540.04999988297;NaN;NaN;0
36600.04999988646;NaN;NaN;0
36660.049999889954;NaN;NaN;0
36720.04999989345;23.1634566563483;0.0;3
36780.04999989694;23.662305296731123;0.0;2
36840.04999990043;9.693714087462409;0.0;2
36900.049999903924;NaN;NaN;0
36960.049999907416;NaN;NaN;0
37020.04999991091;NaN;NaN;0
37080.0499999144;NaN;NaN;0
37140.049999917894;42.40214247500288;0.0;1
37200.049999921386;NaN;NaN;0
37260.04999992488;18.420007129108555;0.0;2
37320.04999992837;NaN;NaN;0
37380.04999993186;0.0;0.0;2
37440.049999935356;0.0;0.0;1
37500.04999993885;NaN;NaN;0
37560.04999994234;16.611652553110165;0.0;3
37620.04999994583;21.76272320201233;0.0;2
37680.049999949326;NaN;NaN;0
37740.04999995282;16.216173690418923;0.0;3
37800.04999995631;NaN;NaN;0
37860.0499999598;NaN;NaN;0
37920.049999963296;NaN;NaN;0
37980.04999996679;NaN;NaN;0
38040.04999997028;0.0;0.0;1
38100.04999997377;22.72193481836841;0.0;2
38160.049999977266;49.20093934526804;0.0;1
38220.04999998076;27.245942378473682;0.0;3
38280.04999998425;11.827960905216763;0.0;1
38340.04999998774;NaN;NaN;0
38400.049999991235;0.0;0.0;1
38460.04999999473;19.319823935840166;0.0;2
38520.04999999822;NaN;NaN;0
38580.00000000171;0.0;0.0;1
38640.0000000052;NaN;NaN;0
38700.000000008695;NaN;NaN;0
38760.00000001219;0.0;0.0;1
38820.00000001568;6.571295183038544;0.0;1
38880.00000001917;NaN;NaN;0
38940.000000022665;0.0;0.0;1
39000.00000002616;3.8249173782506016;0.0;2
39060.00000002965;NaN;NaN;0
39120.00000003314;24.722326274079723;0.0;3
39180.000000036634;34.25767213837624;0.0;2
39240.00000004013;0.0;0.0;1
39300.00000004362;45.392274719810615;0.0;1
39360.00000004711;32.35377719628008;0.0;2
39420.000000050604;0.0;0.0;1
39480.0000000541;0.0;0.0;1
39540.00000005759;44.89246961461169;0.0;1
39600.00000006108;50.669287174582635;0.0;1
39660.000000064574;12.316573517670395;0.0;2
39720.00000006807;9.264870570831341;0.0;1
39780.00000007156;26.807078403808447;0.0;3
39840.00000007505;34.348774559357146;0.0;3
39900.000000078544;42.33706952272717;0.0;1
39960.00000008204;0.0;0.0;1
40020.00000008553;NaN;NaN;0
40080.00000008902;0.0;0.0;1
40140.000000092514;51.47521931041308;0.0;1
40200.000000096006;26.462407518558596;0.0;2
40260.0000000995;NaN;NaN;0
40320.00000010299;0.0;0.0;1
40380.000000106484;31.57641271790237;0.0;2
40440.000000109976;1.4246739920712068;0.0;3
40500.00000011347;NaN;NaN;0
40560.00000011696;0.0;0.0;1
40620.00000012045;24.2667412586898;0.0;3
40680.000000123946;0.0;0.0;1
40740.00000012744;9.163115663246915;0.0;2
40800.00000013093;22.26392535614433;0.0;4
40860.00000013442;33.19957441704584;0.0;1
40920.000000137916;35.48893554216382;0.0;3
40980.00000014141;0.0;0.0;1
41040.0000001449;NaN;NaN;0
41100.00000014839;18.289356460482693;0.0;2
41160.000000151886;34.5040865238003;0.0;2
41220.00000015538;NaN;NaN;0
41280.00000015887;18.7097429025292;0.0;3
41340.00000016236;9.057542877341962;0.0;1
41400.000000165855;31.111135273238457;0.0;3
41460.00000016935;NaN;NaN;0
41520.00000017284;NaN;NaN;0
41580.00000017633;NaN;NaN;0
41640.000000179825;19.94574682245536;0.0;2
41700.00000018332;7.561750992841998;0.0;2
41760.00000018681;24.833119585914563;0.0;3
41820.0000001903;4.998912873007471;0.5;2
41880.000000193795;7.945834219931284;0.0;1
41940.00000019729;NaN;NaN;0
42000.00000020078;NaN;NaN;0
42060.00000020427;26.958847723267166;0.0;2
42120.000000207765;14.468800175678691;0.0;5
42180.00000021126;NaN;NaN;0
42240.00000021475;17.99809593229632;0.0;2
42300.00000021824;13.641697434510116;0.0;1
42360.000000221735;NaN;NaN;0
42420.00000022523;NaN;NaN;0
42480.00000022872;42.32854825171687;0.0;1
42540.00000023221;NaN;NaN;0
42600.000000235705;3.569200515861619;0.3333333333333333;3
42660.0000002392;NaN;NaN;0
42720.00000024269;1.415686927952432;0.0;1
42780.00000024618;0.0;0.0;1
42840.000000249674;8.195151233265833;0.0;3
42900.00000025317;NaN;NaN;0
42960.00000025666;0.0;0.0;2
43020.00000026015;NaN;NaN;0
43080.000000263644;NaN;NaN;0
43140.00000026714;48.67472676551504;0.0;1
43200.00000027063;23.348175043505027;0.0;3
43260.00000027412;0.0;0.0;1
43320.000000277614;NaN;NaN;0
43380.00000028111;7.130792529479337;0.0;1
43440.0000002846;NaN;NaN;0
43500.00000028809;22.851606109173467;0.0;2
43560.000000291584;NaN;NaN;0
43620.00000029508;NaN;NaN;0
43680.00000029857;40.72409808514792;0.0;1
43740.00000030206;12.10624303246134;0.25;4
43800.000000305554;9.678726010314284;0.0;3
43860.000000309046;14.190305944440777;0.0;4
43920.00000031254;NaN;NaN;0
43980.00000031603;NaN;NaN;0
44040.000000319524;18.573145580861347;0.0;2
44100.000000323016;NaN;NaN;0
44160.00000032651;13.942180214388719;0.0;1
44220.00000033;NaN;NaN;0
44280.00000033349;NaN;NaN;0
44340.000000336986;19.25511113765913;0.0;1
44400.00000034048;4.101221736358205;0.0;2
44460.00000034397;20.988931485606482;0.0;3
44520.00000034746;NaN;NaN;0
44580.000000350956;17.24155243862437;0.0;2
44640.00000035445;41.02097672861962;0.0;2
44700.00000035794;0.18748021530629327;0.5;2
44760.00000036143;NaN;NaN;0
44820.000000364926;20.34943571668265;0.0;3
44880.00000036842;50.746313477111904;0.0;1
44940.00000037191;7.1899036057847745;0.0;1
45000.0000003754;21.8714153430276;0.0;2
45060.000000378895;0.0;0.5;2
45120.00000038239;11.717012734107243;0.0;1
45180.00000038588;3.4382838328835974;0.0;4
45240.00000038937;NaN;NaN;0
45300.000000392865;0.0;0.0;1
45360.00000039636;NaN;NaN;0
45420.00000039985;41.63840631216971;0.0;1
45480.00000040334;36.53804463295641;0.0;1
45540.000000406835;NaN;NaN;0
45600.00000041033;14.08908541619642;0.0;2
45660.00000041382;NaN;NaN;0
45720.00000041731;15.88058200317977;0.0;2
45780.000000420805;11.463160805087075;0.0;2
45840.0000004243;NaN;NaN;0
45900.00000042779;4.896983240677834;0.0;2
45960.00000043128;0.0;0.0;1
46020.000000434775;NaN;NaN;0
46080.00000043827;18.403301813137137;0.0;2
46140.00000044176;22.496760240586593;0.0;3
46200.00000044525;3.890889103373712;0.0;2
46260.000000448745;16.14845546469219;0.0;1
46320.00000045224;0.0;0.0;1
46380.00000045573;NaN;NaN;0
46440.00000045922;44.42349502303168;0.0;1
46500.000000462715;16.19282896300959;0.3333333333333333;3
46560.00000046621;0.022135659253792597;0.5;2
46620.0000004697;16.73703451044967;0.0;2
46680.00000047319;0.0;0.0;1
46740.000000476684;17.030787107645807;0.0;2
46800.00000048018;10.826390827340733;0.0;1
46860.00000048367;10.186412580807254;0.0;2
46920.00000048716;3.1530581046921458;0.0;2
46980.000000490654;2.9396018314874506;0.0;2
47040.00000049415;NaN;NaN;0
47100.00000049764;NaN;NaN;0
47160.00000050113;NaN;NaN;0
47220.000000504624;NaN;NaN;0
47280.00000050812;NaN;NaN;0
47340.00000051161;25.677917358509056;0.0;4
47400.0000005151;22.16895886896443;0.0;2
47460.000000518594;NaN;NaN;0
47520.000000522086;NaN;NaN;0
47580.00000052558;45.254584551808016;0.0;1
47640.00000052907;19.1106439904593;0.0;3
47700.000000532564;16.579194450449947;0.0;2
47760.000000536056;27.718483264874713;0.0;1
47820.00000053955;NaN;NaN;0
47880.00000054304;12.195663352517855;0.0;2
47940.00000054653;3.8111203575035058;0.0;1
48000.000000550026;44.59807708550139;0.0;1
48060.00000055352;21.063092549436696;0.0;1
48120.00000055701;0.0;0.0;1
48180.0000005605;12.537303794714576;0.0;3
48240.000000563996;0.13994780818136834;0.3333333333333333;3
48300.00000056749;NaN;NaN;0
48360.00000057098;14.734904889455738;0.0;2
48420.00000057447;NaN;NaN;0
48480.000000577966;6.572715443077512;0.0;2
48540.00000058146;23.8638016734696;0.0;2
48600.00000058495;10.551120880614695;0.0;2
48660.00000058844;20.87183474980349;0.0;1
48720.000000591936;NaN;NaN;0
48780.00000059543;NaN;NaN;0
48840.00000059892;0.0;0.0;1
48900.00000060241;47.87356927666456;0.0;1
48960.000000605905;2.1204976311314128;0.0;4
49020.0000006094;41.31522381683419;0.0;2
49080.00000061289;NaN;NaN;0
49140.00000061638;0.0;0.0;1
49200.000000619875;21.086806530819363;0.0;2
49260.00000062337;0.0;0.0;1
49320.00000062686;8.534676232663644;0.0;2
49380.00000063035;23.785704153701538;0.0;2
49440.000000633845;NaN;NaN;0
49500.00000063734;0.0;0.0;1
49560.00000064083;0.0;0.0;1
49620.00000064432;24.09112160978733;0.0;2
49680.000000647815;NaN;NaN;0
49740.00000065131;27.904608030064928;0.0;1
49800.0000006548;13.706542419809265;0.0;1
49860.00000065829;17.768048529718474;0.0;2
49920.000000661785;4.175290323868142;0.0;2
49980.00000066528;21.831030282385008;0.0;1
50040.00000066877;0.0;0.0;2
50100.00000067226;22.09318332846368;0.0;2
50160.000000675755;20.712704799933423;0.0;1
50220.00000067925;49.71728435456518;0.0;1
50280.00000068274;3.2548307333729225;0.0;1
50340.00000068623;NaN;NaN;0
50400.000000689724;25.133590745863625;0.0;2
50460.00000069322;3.133523957984277;0.0;2
50520.00000069671;0.0;0.0;1
50580.0000007002;44.79804194888028;0.0;1
50640.000000703694;13.373694573169262;0.0;2
50700.00000070719;32.20619100158781;0.0;1
50760.00000071068;NaN;NaN;0
50820.00000071417;35.536027638491085;0.0;1
50880.000000717664;NaN;NaN;0
50940.00000072116;NaN;NaN;0
51000.00000072465;30.90759501767691;0.0;1
51060.00000072814;0.0;0.0;1
51120.000000731634;NaN;NaN;0
51180.00000073513;0.0;0.0;1
51240.00000073862;0.0;0.0;1
51300.00000074211;36.2132066232886;0.0;1
51360.000000745604;49.51986975003171;0.0;1
51420.000000749096;NaN;NaN;0
51480.00000075259;3.378772310815325;0.0;1
51540.00000075608;0.0;0.0;1
51600.00000075957;45.31870245067014;0.0;1
51660.000000763066;NaN;NaN;0
51720.00000076656;NaN;NaN;0
51780.00000077005;NaN;NaN;0
51840.00000077354;0.0;0.0;1
51900.000000777036;6.260318803445048;0.0;2
51960.00000078053;46.247474676371574;0.0;1
52020.00000078402;25.901429251322718;0.0;5
52080.00000078751;NaN;NaN;0
52140.000000791006;NaN;NaN;0
52200.0000007945;44.095563095062545;0.0;1
52260.00000079799;NaN;NaN;0
52320.00000080148;13.196875393912693;0.0;2
52380.000000804976;16.93408297576094;0.0;1
52440.00000080847;42.11027886432498;0.0;2
52500.00000081196;42.82110961936495;0.0;1
52560.00000081545;0.0;0.0;2
52620.000000818945;32.50587355262635;0.0;1
52680.00000082244;32.33337015841388;0.0;3
52740.00000082593;24.93322006256513;0.0;3
52800.00000082942;15.015090598507522;0.0;3
52860.000000832915;15.443866732484658;0.0;1
52920.00000083641;NaN;NaN;0
52980.0000008399;4.514508783585417;0.0;1
53040.00000084339;0.0;0.0;1
53100.000000846885;NaN;NaN;0
53160.00000085038;NaN;NaN;0
53220.00000085387;31.415602892958685;0.0;1
53280.00000085736;9.718112531436768;0.0;2
53340.000000860855;27.585227139038352;0.0;3
53400.00000086435;49.452921013840964;0.0;1
53460.00000086784;NaN;NaN;0
53520.00000087133;37.60089434249514;0.0;1
53580.000000874825;6.765092978348341;0.0;1
53640.00000087832;0.0;0.0;2
53700.00000088181;23.01565027901424;0.0;2
53760.0000008853;36.26537181309991;0.0;2
53820.000000888795;14.315924412184975;0.0;2
53880.00000089229;31.697025566573462;0.0;3
53940.00000089578;8.077691383126703;0.0;3
54000.00000089927;NaN;NaN;0
54060.000000902764;NaN;NaN;0
54120.00000090626;44.60230654937491;0.0;1
54180.00000090975;NaN;NaN;0
54240.00000091324;0.0;0.0;1
54300.000000916734;7.123826111357812;0.0;2
54360.00000092023;NaN;NaN;0
54420.00000092372;NaN;NaN;0
54480.00000092721;NaN;NaN;0
54540.000000930704;40.39401782776779;0.0;1
54600.0000009342;NaN;NaN;0
54660.00000093769;NaN;NaN;0
54720.00000094118;0.0;0.0;1
54780.000000944674;NaN;NaN;0
54840.00000094817;NaN;NaN;0
54900.00000095166;7.360707015243082;0.0;2
54960.00000095515;NaN;NaN;0
55020.000000958644;23.502361812025768;0.0;2
55080.000000962136;0.0;0.0;1
55140.00000096563;10.991141711823888;0.3333333333333333;3
55200.00000096912;NaN;NaN;0
55260.00000097261;0.0;0.0;1
55320.000000976106;3.692429064095;0.0;1
55380.0000009796;30.131989444981425;0.0;3
55440.00000098309;NaN;NaN;0
55500.00000098658;13.457787399156182;0.0;2
55560.000000990076;46.17055097688542;0.0;2
55620.00000099357;10.167469652875242;0.0;1
55680.00000099706;0.0;0.0;1
55740.00000100055;NaN;NaN;0
55800.000001004046;24.468236583870226;0.0;3
55860.00000100754;NaN;NaN;0
55920.00000101103;14.796137746729938;0.0;1
55980.00000101452;4.228653592318539;0.3333333333333333;3
56040.000001018016;22.547815869496542;0.0;2
56100.00000102151;17.428084605883708;0.0;1
56160.000001025;6.836589474631805;0.0;3
56220.00000102849;NaN;NaN;0
56280.000001031985;NaN;NaN;0
56340.00000103548;NaN;NaN;0
56400.00000103897;NaN;NaN;0
56460.00000104246;NaN;NaN;0
56520.000001045955;42.50564227917988;0.0;1
56580.00000104945;29.832519716235005;0.0;1
56640.00000105294;25.38317952238158;0.0;3
56700.00000105643;NaN;NaN;0
56760.000001059925;NaN;NaN;0
56820.00000106342;NaN;NaN;0
56880.00000106691;0.0;0.0;1
56940.0000010704;0.0;0.0;1
57000.000001073895;NaN;NaN;0
57060.00000107739;33.40291824970585;0.0;2
57120.00000108088;NaN;NaN;0
57180.00000108437;NaN;NaN;0
57240.000001087865;28.55439261782598;0.0;2
57300.00000109136;47.47291114353301;0.0;1
57360.00000109485;0.0;0.0;1
57420.00000109834;18.762121504383785;0.0;2
57480.000001101835;NaN;NaN;0
57540.00000110533;41.61729465652117;0.0;2
57600.00000110882;2.3990686435057222;0.0;1
57660.00000111231;48.20384933704568;0.0;2
57720.000001115804;21.242771313974615;0.0;2
57780.0000011193;44.899979889341466;0.0;1
57840.00000112279;11.071305615943606;0.0;2
57900.00000112628;7.567174844610566;0.0;3
57960.000001129774;30.12513251979988;0.0;3
58020.00000113327;NaN;NaN;0
58080.00000113676;NaN;NaN;0
58140.00000114025;NaN;NaN;0
58200.000001143744;36.69598384977769;0.0;1
58260.00000114724;0.0;0.0;1
58320.00000115073;0.0;0.0;1
58380.00000115422;26.545673648983424;0.0;2
58440.000001157714;9.45875376628943;0.0;4
58500.00000116121;NaN;NaN;0
58560.0000011647;22.027318550373742;0.0;2
58620.00000116819;19.007523692201584;0.0;2
58680.000001171684;18.392774572543612;0.0;2
58740.000001175176;NaN;NaN;0
58800.00000117867;0.6540651332987949;0.3333333333333333;3
58860.00000118216;23.98188082084516;0.0;1
58920.000001185654;0.0;0.0;1
58980.000001189146;10.361499045020517;0.0;1
59040.00000119264;NaN;NaN;0
59100.00000119613;0.0;0.0;1
59160.00000119962;NaN;NaN;0
59220.000001203116;NaN;NaN;0
59280.00000120661;18.92902061866923;0.0;1
59340.0000012101;3.4999873256461465;0.0;1
59400.00000121359;43.40048426810263;0.0;1
59460.000001217086;49.022409864245326;0.0;1
59520.00000122058;7.439045973657818;0.0;2
59580.00000122407;20.624702883527615;0.0;3
59640.00000122756;0.0;0.0;1
59700.000001231056;34.38290966297616;0.0;2
59760.00000123455;23.98451202270504;0.0;1
59820.00000123804;NaN;NaN;0
59880.00000124153;21.251475673329175;0.0;1
59940.000001245025;34.446462672202465;0.0;3
60000.00000124852;8.088914280707714;0.0;3
60060.00000125201;0.0;0.0;1
60120.0000012555;NaN;NaN;0
60180.000001258995;21.89418911484259;0.0;3
60240.00000126249;22.017213395526554;0.0;2
60300.00000126598;7.363680308715246;0.0;3
60360.00000126947;NaN;NaN;0
60420.000001272965;47.13506715638114;0.0;2
60480.00000127646;0.0;0.0;1
60540.00000127995;NaN;NaN;0
60600.00000128344;0.0;0.0;1
60660.000001286935;0.0;0.0;1
60720.00000129043;9.134742337004457;0.0;2
60780.00000129392;0.0;0.0;1
60840.00000129741;NaN;NaN;0
60900.000001300905;NaN;NaN;0
60960.0000013044;13.597730986280142;0.0;4
61020.00000130789;NaN;NaN;0
61080.00000131138;2.9999932154570224;0.0;1
61140.000001314875;0.6915309237526318;0.0;2
61200.00000131837;18.868047839019336;0.0;2
61260.00000132186;0.0;0.0;2
61320.00000132535;0.0;0.0;2
61380.000001328845;0.0;0.0;1
61440.00000133234;0.0;0.0;1
61500.00000133583;49.36571873189246;0.0;1
61560.00000133932;27.532286555103965;0.0;2
61620.000001342814;7.4991618724414;0.0;1
61680.00000134631;21.731906527120593;0.0;2
61740.0000013498;14.722674379406968;0.0;5
61800.00000135329;NaN;NaN;0
61860.000001356784;33.37658326325129;0.0;2
61920.00000136028;19.88403615904298;0.0;1
61980.00000136377;23.201411994717542;0.0;2
62040.00000136726;10.74264918731448;0.0;2
62100.000001370754;0.0;0.0;1
62160.00000137425;21.30956257464501;0.25;4
62220.00000137774;35.76427458549795;0.0;1
62280.00000138123;26.74832341400979;0.0;2
62340.000001384724;32.70201524096918;0.0;1
62400.000001388216;14.74036425746714;0.0;1
62460.00000139171;NaN;NaN;0
62520.0000013952;NaN;NaN;0
62580.000001398694;NaN;NaN;0
62640.000001402186;0.4607241828005528;0.3333333333333333;3
62700.00000140568;NaN;NaN;0
62760.00000140917;18.91105306588195;0.0;3
62820.00000141266;NaN;NaN;0
62880.000001416156;38.477032718344844;0.0;2
62940.00000141965;NaN;NaN;0
63000.00000142314;NaN;NaN;0
63060.00000142663;NaN;NaN;0
63120.000001430126;NaN;NaN;0
63180.00000143362;NaN;NaN;0
63240.00000143711;19.888131147004216;0.0;1
63300.0000014406;46.910509150978775;0.0;1
63360.000001444096;0.0;0.0;2
63420.00000144759;0.0;0.5;2
63480.00000145108;9.954578406703641;0.0;1
63540.00000145457;0.0;0.0;2
63600.000001458066;26.385983593601964;0.0;3
63660.00000146156;0.0;0.0;1
63720.00000146505;NaN;NaN;0
63780.00000146854;45.669391328805204;0.0;2
63840.000001472035;30.38232258508562;0.0;1
63900.00000147553;35.164787596144436;0.0;4
63960.00000147902;23.899595736027347;0.0;2
64020.00000148251;19.890052104425273;0.0;3
64080.000001486005;49.42120668756575;0.0;1
64140.0000014895;22.857119299618123;0.0;1
64200.00000149299;0.3625466667253106;0.3333333333333333;3
64260.00000149648;0.0;0.0;1
64320.000001499975;0.0;0.0;2
64380.00000150347;10.664472763120386;0.0;4
64440.00000150696;NaN;NaN;0
64500.00000151045;47.10974513764653;0.0;1
64560.000001513945;8.780199385657607;0.0;1
64620.00000151744;4.43143641038332;0.25;4
64680.00000152093;14.391912476489678;0.0;2
64740.00000152442;19.667476898010694;0.0;2
64800.000001527915;0.0;0.0;1
64860.00000153141;NaN;NaN;0
64920.0000015349;NaN;NaN;0
64980.00000153839;NaN;NaN;0
65040.000001541885;6.362233599433242;0.0;1
65100.00000154538;NaN;NaN;0
65160.00000154887;0.0;0.0;1
65220.00000155236;NaN;NaN;0
65280.000001555854;15.460078280329038;0.5;2
65340.00000155935;52.202665950195595;0.0;1
65400.00000156284;NaN;NaN;0
65460.00000156633;0.0;0.0;1
65520.000001569824;0.0;0.0;1
65580.00000157331;8.15439736660813;0.0;1
65640.0000015768;0.11043106263497005;0.0;3
65700.0000015803;25.98503496519553;0.0;1
65760.00000158379;28.714358586958966;0.0;1
65820.00000158728;42.656040564243014;0.0;2
65880.00000159077;NaN;NaN;0
65940.00000159426;23.835392465769036;0.0;3
66000.00000159776;4.971731680796986;0.0;2
66060.00000160125;34.6476706229976;0.0;1
66120.00000160474;NaN;NaN;0
66180.00000160823;0.0;0.0;1
66240.00000161173;NaN;NaN;0
66300.00000161522;0.0;0.0;1
66360.00000161871;NaN;NaN;0
66420.0000016222;22.756267974346628;0.0;4
66480.0000016257;NaN;NaN;0
66540.00000162919;13.42826660477797;0.0;1
66600.00000163268;36.555316001952384;0.0;1
66660.00000163617;0.0;0.0;1
66720.00000163967;0.0;0.0;1
66780.00000164316;0.0;0.0;1
66840.00000164665;NaN;NaN;0
66900.00000165014;NaN;NaN;0
66960.00000165364;20.698895177201244;0.0;1
67020.00000165713;0.0;0.0;1
67080.00000166062;22.540237921963595;0.0;1
67140.00000166411;4.790427342839721;0.0;3
67200.0000016676;NaN;NaN;0
67260.0000016711;0.0;0.0;1
67320.00000167459;36.32492310352147;0.0;1
67380.00000167808;NaN;NaN;0
67440.00000168158;NaN;NaN;0
67500.00000168507;17.998728140974244;0.0;1
67560.00000168856;8.965016072749444;0.0;2
67620.00000169205;26.3727952313807;0.0;1
67680.00000169555;0.0;0.0;1
67740.00000169904;NaN;NaN;0
67800.00000170253;35.552822109659665;0.0;1
67860.00000170602;NaN;NaN;0
67920.00000170952;29.96671100921052;0.0;1
67980.00000171301;20.965358091524212;0.0;1
68040.0000017165;0.0;0.0;1
68100.00000172;27.48523087339874;0.0;2
68160.00000172349;NaN;NaN;0
68220.00000172698;0.0;0.0;1
68280.00000173047;0.0;0.0;1
68340.00000173396;NaN;NaN;0
68400.00000173746;0.0;0.0;1
68460.00000174095;22.261629830287667;0.0;1
68520.00000174444;NaN;NaN;0
68580.00000174793;5.078515143565157;0.0;2
68640.00000175142;NaN;NaN;0
68700.00000175492;NaN;NaN;0
68760.00000175841;0.0;0.0;1
68820.0000017619;NaN;NaN;0
68880.0000017654;30.218867200056135;0.0;1
68940.00000176889;NaN;NaN;0
69000.00000177238;NaN;NaN;0
69060.00000177587;6.291076106992521;0.0;2
69120.00000177936;NaN;NaN;0
69180.00000178286;NaN;NaN;0
69240.00000178635;19.872731659122344;0.0;4
69300.00000178984;NaN;NaN;0
69360.00000179333;NaN;NaN;0
69420.00000179683;NaN;NaN;0
69480.00000180032;0.0;0.0;1
69540.00000180381;NaN;NaN;0
69600.0000018073;NaN;NaN;0
69660.0000018108;NaN;NaN;0
69720.00000181429;NaN;NaN;0
69780.00000181778;22.27147863723182;0.0;1
69840.00000182127;NaN;NaN;0
69900.00000182477;30.859591942535257;0.0;1
69960.00000182826;34.203983822629134;0.0;1
70020.00000183175;40.116872589700186;0.0;1
70080.00000183524;NaN;NaN;0
70140.00000183874;NaN;NaN;0
70200.00000184223;41.8750492176213;0.0;1
70260.00000184572;40.09033654179407;0.0;1
70320.00000184921;0.0;0.0;2
70380.0000018527;NaN;NaN;0
70440.0000018562;NaN;NaN;0
70500.00000185969;NaN;NaN;0
70560.00000186318;13.4374225064365;0.0;1
70620.00000186668;24.89412845415054;0.0;2
70680.00000187017;0.0;0.0;1
70740.00000187366;0.0;0.0;1
70800.00000187715;38.668753932903;0.0;1
70860.00000188065;NaN;NaN;0
70920.00000188414;NaN;NaN;0
70980.00000188763;NaN;NaN;0
71040.00000189112;15.35903582414014;0.0;1
71100.00000189462;10.419630612009255;0.0;1
71160.00000189811;NaN;NaN;0
71220.0000019016;7.101493601632661;0.0;1
71280.0000019051;40.61015824458523;0.0;1
71340.00000190859;10.514297751154682;0.0;1
71400.00000191208;0.0;0.0;1
71460.00000191557;NaN;NaN;0
71520.00000191906;NaN;NaN;0
71580.00000192256;NaN;NaN;0
71640.00000192605;NaN;NaN;0
71700.00000192954;NaN;NaN;0
71760.00000193303;NaN;NaN;0
71820.00000193653;NaN;NaN;0
71880.00000194002;NaN;NaN;0
71940.00000194351;20.2147260868415;0.0;4
72000.000001947;NaN;NaN;0
72060.0000019505;NaN;NaN;0
72120.00000195399;9.997247875951702;0.0;1
72180.00000195748;37.81380106103854;0.0;1
72240.00000196097;10.268593742868743;0.0;3
72300.00000196446;0.0;0.0;1
72360.00000196796;26.02098848130289;0.0;2
72420.00000197145;0.0;0.0;2
72480.00000197494;NaN;NaN;0
72540.00000197843;NaN;NaN;0
72600.00000198193;0.0;0.0;1
72660.00000198542;2.9999941419176053;0.0;1
72720.00000198891;33.43816186850824;0.0;3
72780.0000019924;0.0;0.0;1
72840.0000019959;43.31200894698855;0.0;1
72900.00000199939;NaN;NaN;0
72960.00000200288;NaN;NaN;0
73020.00000200637;NaN;NaN;0
73080.00000200987;NaN;NaN;0
73140.00000201336;31.036215948349298;0.0;2
73200.00000201685;NaN;NaN;0
73260.00000202034;NaN;NaN;0
73320.00000202384;15.479667595669152;0.0;1
73380.00000202733;NaN;NaN;0
73440.00000203082;NaN;NaN;0
73500.00000203431;22.751895798849837;0.0;1
73560.0000020378;NaN;NaN;0
73620.0000020413;NaN;NaN;0
73680.00000204479;41.11807143163673;0.0;1
73740.00000204828;43.72798850627654;0.0;1
73800.00000205178;NaN;NaN;0
73860.00000205527;29.469784486342306;0.0;2
73920.00000205876;NaN;NaN;0
73980.00000206225;26.690430009229125;0.0;2
74040.00000206575;NaN;NaN;0
74100.00000206924;NaN;NaN;0
74160.00000207273;36.63603286523907;0.0;1
74220.00000207622;NaN;NaN;0
74280.00000207972;0.0;0.0;2
74340.00000208321;NaN;NaN;0
74400.0000020867;NaN;NaN;0
74460.0000020902;NaN;NaN;0
74520.00000209369;0.0;0.0;2
74580.00000209718;NaN;NaN;0
74640.00000210067;NaN;NaN;0
74700.00000210416;4.499958203964648;0.0;1
74760.00000210766;NaN;NaN;0
74820.00000211115;0.0;0.0;1
74880.00000211464;NaN;NaN;0
74940.00000211813;NaN;NaN;0
75000.00000212163;NaN;NaN;0
75060.00000212512;0.0;0.0;1
75120.00000212861;17.24669510712664;0.0;2
75180.0000021321;NaN;NaN;0
75240.0000021356;NaN;NaN;0
75300.00000213909;13.485361816391535;0.0;2
75360.00000214258;26.30687974322566;0.0;1
75420.00000214607;0.0;0.0;1
75480.00000214957;35.02724485971396;0.0;1
75540.00000215306;7.0071714051201575;0.0;2
75600.00000215655;49.534911843406405;0.0;1
75660.00000216004;NaN;NaN;0
75720.00000216354;25.504617567815952;0.0;2
75780.00000216703;0.0;0.0;1
75840.00000217052;18.22918317196996;0.0;2
75900.00000217401;NaN;NaN;0
75960.0000021775;45.78069891929564;0.0;1
76020.000002181;0.17907671117872906;0.3333333333333333;3
76080.00000218449;0.0;0.0;1
76140.00000218798;NaN;NaN;0
76200.00000219147;NaN;NaN;0
76260.00000219497;43.65501842038556;0.0;1
76320.00000219846;NaN;NaN;0
76380.00000220195;NaN;NaN;0
76440.00000220544;NaN;NaN;0
76500.00000220894;NaN;NaN;0
76560.00000221243;NaN;NaN;0
76620.00000221592;4.720162062368014;0.0;3
76680.00000221941;2.75038789196844;0.0;3
76740.0000022229;NaN;NaN;0
76800.0000022264;NaN;NaN;0
76860.00000222989;0.0;0.0;1
76920.00000223338;0.0;0.0;1
76980.00000223688;NaN;NaN;0
77040.00000224037;44.463083108772864;0.0;2
77100.00000224386;38.50019204790889;0.0;2
77160.00000224735;25.238596269916552;0.0;1
77220.00000225085;0.0;0.0;1
77280.00000225434;NaN;NaN;0
77340.00000225783;NaN;NaN;0
77400.00000226132;NaN;NaN;0
77460.00000226482;0.0;0.0;1
77520.00000226831;11.002463564521642;0.0;1
77580.0000022718;NaN;NaN;0
77640.0000022753;50.64897549517179;0.0;1
77700.00000227879;NaN;NaN;0
77760.00000228228;NaN;NaN;0
77820.00000228577;50.99217158458568;0.0;1
77880.00000228926;0.27390101421627916;0.0;2
77940.00000229276;30.898426341685653;0.0;1
78000.00000229625;NaN;NaN;0
78060.00000229974;15.768133441139772;0.0;2
78120.00000230323;48.19079576814229;0.0;1
78180.00000230673;28.783126851403537;0.0;2
78240.00000231022;NaN;NaN;0
78300.00000231371;NaN;NaN;0
78360.0000023172;NaN;NaN;0
78420.0000023207;NaN;NaN;0
78480.00000232419;24.376186245444792;0.0;1
78540.00000232768;41.52439853074655;0.0;1
78600.00000233117;NaN;NaN;0
78660.00000233467;NaN;NaN;0
78720.00000233816;10.359243862091745;0.0;1
78780.00000234165;44.34574447359541;0.0;1
78840.00000234514;NaN;NaN;0
78900.00000234864;NaN;NaN;0
78960.00000235213;37.153312591664076;0.0;1
79020.00000235562;NaN;NaN;0
79080.00000235911;NaN;NaN;0
79140.0000023626;0.0;0.0;1
79200.0000023661;NaN;NaN;0
79260.00000236959;NaN;NaN;0
79320.00000237308;NaN;NaN;0
79380.00000237658;NaN;NaN;0
79440.00000238007;NaN;NaN;0
79500.00000238356;NaN;NaN;0
79560.00000238705;NaN;NaN;0
79620.00000239054;NaN;NaN;0
79680.00000239404;22.549325861866848;0.0;2
79740.00000239753;45.24987898890203;0.0;1
79800.00000240102;0.0;0.0;1
79860.00000240451;0.0;0.0;1
79920.00000240801;37.29795619241992;0.0;1
79980.0000024115;NaN;NaN;0
80040.00000241499;NaN;NaN;0
80100.00000241848;NaN;NaN;0
80160.00000242198;13.986021466601079;0.0;1
80220.00000242547;NaN;NaN;0
80280.00000242896;26.959950818515672;0.0;1
80340.00000243245;NaN;NaN;0
80400.00000243595;NaN;NaN;0
80460.00000243944;NaN;NaN;0
80520.00000244293;27.117202647695706;0.0;1
80580.00000244642;NaN;NaN;0
80640.00000244992;NaN;NaN;0
80700.00000245341;9.669505479852495;0.0;1
80760.0000024569;NaN;NaN;0
80820.0000024604;NaN;NaN;0
80880.00000246389;NaN;NaN;0
80940.00000246738;NaN;NaN;0
81000.00000247087;NaN;NaN;0
81060.00000247436;NaN;NaN;0
81120.00000247786;NaN;NaN;0
81180.00000248135;NaN;NaN;0
81240.00000248484;0.0;0.0;1
81300.00000248833;NaN;NaN;0
81360.00000249183;NaN;NaN;0
81420.00000249532;NaN;NaN;0
81480.00000249881;NaN;NaN;0
81540.0000025023;NaN;NaN;0
81600.0000025058;NaN;NaN;0
81660.00000250929;7.74005627475879;0.0;2
81720.00000251278;42.452087018899626;0.0;1
81780.00000251627;8.565377078147925;0.0;2
81840.00000251977;32.64201593413433;0.0;1
81900.00000252326;NaN;NaN;0
81960.00000252675;0.0;0.0;1
82020.00000253024;NaN;NaN;0
82080.00000253374;NaN;NaN;0
82140.00000253723;NaN;NaN;0
82200.00000254072;29.616191559898567;0.0;2
82260.00000254421;NaN;NaN;0
82320.0000025477;NaN;NaN;0
82380.0000025512;NaN;NaN;0
82440.00000255469;NaN;NaN;0
82500.00000255818;0.0;0.0;1
82560.00000256168;NaN;NaN;0
82620.00000256517;NaN;NaN;0
82680.00000256866;NaN;NaN;0
82740.00000257215;NaN;NaN;0
82800.00000257565;NaN;NaN;0
82860.00000257914;41.27975379597245;0.0;1
82920.00000258263;47.06453007938819;0.0;1
82980.00000258612;NaN;NaN;0
83040.00000258962;NaN;NaN;0
83100.00000259311;NaN;NaN;0
83160.0000025966;NaN;NaN;0
83220.00000260009;NaN;NaN;0
83280.00000260359;NaN;NaN;0
83340.00000260708;43.97610586468392;0.0;1
83400.00000261057;NaN;NaN;0
83460.00000261406;NaN;NaN;0
83520.00000261755;NaN;NaN;0
83580.00000262105;NaN;NaN;0
83640.00000262454;0.0;0.0;1
83700.00000262803;NaN;NaN;0
83760.00000263152;3.9554500286691496;0.0;2
83820.00000263502;NaN;NaN;0
83880.00000263851;NaN;NaN;0
83940.000002642;NaN;NaN;0
84000.0000026455;NaN;NaN;0
84060.00000264899;22.466637463939627;0.0;2
84120.00000265248;NaN;NaN;0
84180.00000265597;NaN;NaN;0
84240.00000265946;NaN;NaN;0
84300.00000266296;4.005573100895458;0.0;1
84360.00000266645;0.9999999943400942;0.0;1
84420.00000266994;NaN;NaN;0
84480.00000267343;34.52574786632189;0.0;1
84540.00000267693;NaN;NaN;0
84600.00000268042;45.09665331308487;0.0;1
84660.00000268391;NaN;NaN;0
84720.0000026874;NaN;NaN;0
84780.0000026909;NaN;NaN;0
84840.00000269439;0.0;0.0;1
84900.00000269788;NaN;NaN;0
84960.00000270137;NaN;NaN;0
85020.00000270487;NaN;NaN;0
85080.00000270836;NaN;NaN;0
85140.00000271185;NaN;NaN;0
85200.00000271534;NaN;NaN;0
85260.00000271884;NaN;NaN;0
85320.00000272233;NaN;NaN;0
85380.00000272582;0.0;0.0;2
85440.00000272931;NaN;NaN;0
85500.0000027328;NaN;NaN;0
85560.0000027363;NaN;NaN;0
85620.00000273979;11.668793432774155;0.0;2
85680.00000274328;NaN;NaN;0
85740.00000274678;0.0;0.0;1
85800.00000275027;NaN;NaN;0
85860.00000275376;NaN;NaN;0
85920.00000275725;NaN;NaN;0
85980.00000276075;NaN;NaN;0
86040.00000276424;49.548166537503135;0.0;1
86100.00000276773;44.32623924789183;0.0;1
86160.00000277122;51.4298871799232;0.0;1
86220.00000277472;NaN;NaN;0
86280.00000277821;NaN;NaN;0
86340.0000027817;NaN;NaN;0
86400.0000027852;38.6681384542109;0.0;1
